13.116667
14.116667
14.083333
19.016667
11.650000
10.083333
11.500000
7.383333
8.250000
6.683333
18.350000
18.450000
10.416667
3.983333
14.883333
5.533333
8.016667
7.983333
9.716667
5.383333
4.483333
7.150000
9.003000
9.000000
12.183333
11.316667
17.750000
8.783333
8.016667
6.883333
8.250000
5.016667
10.716667
17.916667
8.983333
10.450000
17.616667
12.183333
10.516667
7.250000
8.050000
11.616667
6.350000
6.016667
16.850000
11.250000
13.950000
4.716667
28.683333
16.816667
7.916667
11.833333
11.783333
8.283333
8.250000
25.283333
7.616667
16.033333
10.516667
22.383333
9.116667
12.250000
11.983333
11.100000
12.483333
10.083333
19.250000
10.050000
7.950000
16.783333
6.983333
7.966667
14.216667
12.816667
12.683333
21.583333
23.383333
13.016667
12.250000
19.650000
16.750000
7.783333
12.716667
5.050000
6.583333
10.516667
6.116667
10.583333
5.150000
3.850000
13.783333
5.550000
11.416667
4.916667
7.450000
5.516667
8.883333
5.550000
5.316667
13.783333
